tilemap-start
	solid 1
	width 21
	height 15
	layer 0
	tiles-start
		row  2  1  1  1  1  1  1  1  10 10 10 10 10 1  1  1  1  1  1  1  1
		row  2  2  2  2  2  2  2  2  2  2  2  2  2  2  2  2  2  2  2  2  1
		row  2  2  2  2  2  2  2  2  2  2  2  2  2  2  2  2  2  2  2  2  1
		row  1  2  2  2  2  2  2  2  2  2  2  2  2  2  2  2  2  2  2  2  1
		row  1  2  2  2  2  2  2  2  2  2  2  2  2  2  2  2  2  2  2  2  1
		row  10 2  2  2  2  2  2  2  2  2  2  2  2  2  2  2  2  2  2  2  10
		row  10 2  2  2  2  2  2  2  2  2  2  2  2  2  2  2  2  2  2  2  10
		row  10 2  2  2  2  2  2  2  2  2  2  2  2  2  2  2  2  2  2  2  10
		row  10 2  2  2  2  2  2  2  2  2  2  2  2  2  2  2  2  2  2  2  10
		row  10 2  2  2  2  2  2  2  2  2  2  2  2  2  2  2  2  2  2  2  10
		row  1  2  2  2  2  2  2  2  2  2  2  2  2  2  2  2  2  2  2  2  1
		row  1  2  2  2  2  2  2  2  2  2  2  2  2  2  2  2  2  2  2  2  1
		row  1  2  2  2  2  2  2  2  2  2  2  2  2  2  2  2  2  2  2  2  1
		row  1  2  2  2  2  2  2  2  2  2  2  2  2  2  2  2  2  2  2  2  1
		row  1  1  1  1  1  1  1  1  10 10 10 10 10 1  1  1  1  1  1  1  1
	tiles-end
tilemap-end